序号,板块,涨跌幅,总成交量,总成交额,净流入,上涨家数,下跌家数,均价,领涨股,领涨股-最新价,领涨股-涨跌幅
1,汽车整车,4.76,2102.12,336.9,25.82,22,0,16.03,力帆科技,7.76,10.07
2,种植业与林业,4.37,1294.3,82.22,0.58,26,0,6.35,神农种业,4.96,20.1
3,电机,4.35,627.51,128.1,5.63,23,0,20.41,江苏雷利,40.13,12.41
4,汽车服务及其他,3.58,496.44,42.66,2.18,24,0,8.59,申华控股,2.38,10.19
5,影视院线,3.55,1541.53,119.3,2.63,19,2,7.74,幸福蓝海,10.84,10.28
6,橡胶制品,3.55,219.25,26.21,0.03,20,1,11.96,远翔新材,34.38,20.0
7,自动化设备,3.5,2334.72,477.08,-0.74,87,7,20.43,巨能股份,39.58,29.98
8,养殖业,3.31,1245.11,88.51,4.69,36,3,7.11,驱动力,11.36,29.98
9,钢铁,3.16,3155.16,108.39,19.25,44,1,3.44,马钢股份,2.59,10.21
10,综合,3.15,1067.28,78.82,2.73,19,5,7.38,漳州发展,5.81,10.04
11,汽车零部件,3.02,5059.02,595.61,17.02,222,17,11.77,泰德股份,13.19,29.95
12,农产品加工,2.94,1391.51,93.92,8.04,42,2,6.75,田野股份,7.42,12.94
13,房地产,2.86,5664.73,294.15,20.79,86,8,5.19,华夏幸福,3.17,10.07
14,塑料制品,2.84,1366.79,133.09,3.32,65,7,9.74,富恒新材,16.69,21.21
15,旅游及酒店,2.82,789.55,86.4,3.92,33,1,10.94,全聚德,12.86,10.01
16,非金属材料,2.81,91.29,21.62,1.58,12,2,23.69,力量钻石,30.23,10.53
17,多元金融,2.75,2270.57,153.78,4.09,27,2,6.77,海德股份,8.59,9.99
18,零售,2.75,5027.49,334.52,-3.79,61,9,6.65,皇庭国际,3.03,10.18
19,化学制药,2.71,2597.24,312.02,14.12,141,14,12.01,康芝药业,6.46,20.07
20,专用设备,2.71,3482.47,374.41,-5.84,162,23,10.75,迦南科技,5.57,20.04
21,教育,2.7,1407.25,82.95,5.1,16,0,5.89,中公教育,3.44,8.52
22,通用设备,2.7,4481.01,540.29,15.76,215,26,12.06,瑞凌股份,8.63,20.03
23,其他电子,2.62,996.7,142.09,0.44,30,1,14.26,沃尔核材,19.77,8.03
24,家居用品,2.59,1591.31,173.16,-2.07,73,21,10.88,美之高,34.93,30.0
25,风电设备,2.59,674.68,79.93,5.86,24,2,11.85,电气风电,8.99,20.03
26,美容护理,2.57,416.73,59.2,2.88,30,2,14.21,两面针,6.79,10.05
27,建筑装饰,2.5,4436.48,286.49,12.24,136,14,6.46,*ST嘉寓,1.54,20.31
28,服装家纺,2.49,2245.08,154.45,-3.65,60,15,6.88,曼卡龙,13.32,20.0
29,饮料制造,2.48,1147.23,127.67,1.06,37,7,11.13,欢乐家,22.09,19.99
30,化学原料,2.45,1520.93,109.52,4.94,55,4,7.2,华塑股份,2.93,10.15
31,光学光电子,2.44,4225.93,386.22,2.76,92,12,9.14,茂莱光学,297.2,10.97
32,文化传媒,2.43,5328.56,554.25,-8.72,75,12,10.4,易点天下,36.03,12.63
33,建筑材料,2.42,1792.1,136.0,-1.28,63,9,7.59,濮耐股份,4.79,10.12
34,农化制品,2.41,2075.22,219.64,-9.16,51,8,10.58,川发龙蟒,21.08,10.02
35,轨交设备,2.4,629.91,59.48,1.27,28,1,9.44,神州高铁,2.78,9.88
36,医疗服务,2.36,967.02,134.31,6.16,49,5,13.89,新里程,2.97,10.0
37,其他电源设备,2.35,1265.51,132.54,12.11,25,3,10.47,上海电气,9.35,10.0
38,纺织制造,2.32,768.64,49.26,-2.03,20,10,6.41,万事利,23.88,20.0
39,食品加工制造,2.31,1618.14,183.53,-2.08,57,7,11.34,黑芝麻,8.88,10.04
40,造纸,2.3,791.98,35.91,2.71,17,5,4.53,恒丰纸业,9.1,10.04
41,金属新材料,2.28,606.77,82.31,1.89,25,3,13.56,银河磁体,33.33,6.11
42,黑色家电,2.27,885.07,107.93,6.14,9,0,12.19,高斯贝尔,11.96,10.03
43,通信设备,2.25,2666.58,528.75,-2.16,80,9,19.83,高新兴,7.34,19.93
44,化学纤维,2.24,671.14,40.43,0.59,21,3,6.02,南京化纤,19.99,10.02
45,白色家电,2.24,1254.73,185.15,3.48,38,5,14.76,澳柯玛,8.05,9.97
46,包装印刷,2.21,1024.99,84.36,1.83,44,3,8.23,康欣新材,2.61,10.13
47,电网设备,2.18,2506.54,240.96,7.05,115,12,9.61,明阳电气,42.46,13.62
48,军工装备,2.12,1370.82,254.69,-3.09,71,8,18.58,海兰信,10.13,10.47
49,港口航运,2.11,1569.14,77.55,7.75,34,3,4.94,海峡股份,6.85,9.95
50,消费电子,2.11,3066.67,505.66,2.95,79,15,16.49,智新电子,23.5,24.27
51,石油加工贸易,2.08,885.17,57.05,-1.34,26,2,6.45,博汇股份,7.95,6.43
52,元件,2.07,1611.45,237.38,2.38,56,2,14.73,则成电子,35.88,8.07
53,电子化学品,2.04,859.21,128.72,-2.2,36,3,14.98,光华科技,18.81,10.0
54,工业金属,2.02,2805.43,196.16,7.33,50,8,6.99,永茂泰,8.49,9.97
55,通信服务,2.0,2427.06,239.57,-12.19,34,9,9.87,世纪恒通,39.92,19.99
56,化学制品,1.98,1999.13,231.11,1.78,146,17,11.56,新瀚新材,24.06,20.0
57,中药,1.98,1830.11,146.11,8.16,68,4,7.98,葫芦娃,20.79,10.0
58,IT服务,1.94,4850.53,647.72,-13.58,107,18,13.35,银信科技,15.28,11.53
59,医疗器械,1.9,1058.45,187.88,5.97,112,14,17.75,尚荣医疗,3.72,10.06
60,互联网电商,1.89,1094.25,100.84,-6.67,13,7,9.21,星徽股份,7.52,14.11
61,贸易,1.89,517.08,32.16,0.24,11,4,6.22,汇鸿集团,3.06,10.07
62,生物制品,1.87,568.75,103.12,3.53,49,6,18.13,智翔金泰,30.74,8.43
63,军工电子,1.86,966.37,189.31,2.28,55,6,19.59,晶品特装,67.75,20.0
64,油气开采及服务,1.85,766.12,44.01,3.74,20,1,5.75,仁智股份,3.38,5.3
65,工程机械,1.85,616.8,74.81,-0.73,25,5,12.13,万通液压,22.4,9.86
66,煤炭开采加工,1.83,1104.55,87.33,4.73,30,3,7.91,新大洲A,3.98,5.57
67,电力,1.83,4791.26,246.12,23.19,92,8,5.14,川能动力,11.98,10.01
68,环境治理,1.8,2827.06,174.01,5.17,95,18,6.16,远达环保,17.05,10.0
69,电池,1.79,2095.59,409.1,2.93,87,15,19.52,万润新能,65.0,9.65
70,小家电,1.79,272.92,49.49,1.4,23,2,18.14,爱仕达,15.09,9.98
71,环保设备,1.78,233.73,27.47,-0.44,25,4,11.75,法尔胜,4.13,10.13
72,计算机设备,1.69,2258.95,428.43,-13.54,71,9,18.97,慧翰股份,85.33,15.54
73,软件开发,1.59,4119.28,1012.49,-10.76,108,28,24.58,威士顿,58.4,10.61
74,其他社会服务,1.53,566.06,53.62,0.66,31,3,9.47,中安科,3.92,4.53
75,小金属,1.49,774.13,111.45,0.02,21,3,14.4,宜安科技,8.31,5.32
76,游戏,1.49,2406.46,250.49,0.27,20,4,10.41,汤姆猫,7.56,6.03
77,医药商业,1.48,541.23,62.72,-0.4,28,3,11.59,合富中国,7.85,4.11
78,机场航运,1.34,2157.89,92.23,-13.92,7,5,4.27,海南机场,4.22,9.9
79,光伏设备,1.33,1663.17,282.07,10.08,51,18,16.96,ST聆达,7.67,20.03
80,保险,1.29,292.91,56.94,3.19,6,0,19.44,中国太保,34.6,2.06
81,燃气,1.2,688.35,47.39,0.52,22,6,6.88,大众公用,4.63,9.98
82,证券,1.16,6144.81,750.16,22.56,48,2,12.21,天风证券,5.15,7.07
83,公路铁路运输,1.11,1474.3,98.25,4.92,20,7,6.66,海汽集团,22.18,10.02
84,能源金属,1.08,305.51,79.54,-2.76,15,1,26.04,远航精密,17.57,3.17
85,物流,1.07,1713.29,147.09,-4.81,35,12,8.59,普路通,8.07,9.95
86,半导体,0.97,2409.1,986.38,-18.84,120,37,40.94,美芯晟,35.93,7.25
87,白酒,0.77,254.45,169.26,-1.0,14,6,66.52,今世缘,47.29,5.18
88,贵金属,0.51,497.18,57.13,0.27,9,3,11.49,玉龙股份,13.46,3.62
89,银行,-0.44,3947.01,259.54,-21.72,13,24,6.58,郑州银行,2.16,1.89
90,厨卫电器,-0.99,301.52,56.3,-6.41,5,3,18.67,万和电气,10.4,0.87
