序号,代码,名称,最新价,涨跌幅,涨跌额,成交量,成交额,振幅,最高,最低,今开,昨收,换手率,市盈率-动态,市净率
1,300997,欢乐家,22.09,19.99,3.68,420410,861518632.65,16.24,22.09,19.1,19.69,18.41,10.62,88.51,9.27
2,832023,田野股份,7.42,12.94,0.85,722544,524719714.27,22.22,7.91,6.45,6.7,6.57,29.21,58.06,2.0
3,000716,黑芝麻,8.88,10.04,0.81,1664410,1471768114.88,4.71,8.88,8.5,8.88,8.07,23.75,120.19,2.65
4,002820,桂发祥,17.47,10.01,1.59,15902,27780042.79,0.0,17.47,17.47,17.47,15.88,0.79,73.7,3.78
5,605179,一鸣食品,16.28,10.0,1.48,299858,483231199.0,6.42,16.28,15.33,15.55,14.8,7.48,132.67,5.91
6,605089,味知香,27.5,10.0,2.5,64819,172610470.0,10.6,27.5,24.85,24.91,25.0,4.7,42.03,3.16
7,605388,均瑶健康,7.5,9.97,0.68,423942,310699414.0,5.13,7.5,7.15,7.15,6.82,7.06,68.35,2.38
8,600189,泉阳泉,8.28,9.96,0.75,560468,452512165.0,10.89,8.28,7.46,7.48,7.53,7.84,207.36,4.88
9,002695,煌上煌,10.05,9.84,0.9,665444,653775102.82,6.78,10.07,9.45,9.62,9.15,14.33,53.43,2.02
10,836422,润普食品,16.57,9.01,1.37,100140,158476958.73,32.76,18.99,14.01,14.18,15.2,15.12,150.93,3.52
11,603777,来伊份,11.94,6.42,0.72,272978,317800828.0,9.98,12.2,11.08,11.16,11.22,8.14,-70.71,2.26
12,002726,龙大美食,7.41,6.31,0.44,365239,266992221.72,6.6,7.46,7.0,7.01,6.97,3.39,82.11,5.78
13,002840,华统股份,14.25,6.18,0.83,681535,935364347.87,7.08,14.26,13.31,13.41,13.42,14.09,126.59,3.86
14,300783,三只松鼠,33.86,6.04,1.93,189402,636126775.58,9.27,34.96,32.0,32.15,31.93,6.77,29.85,4.85
15,002495,佳隆股份,2.6,5.69,0.14,620132,158097229.2,6.1,2.6,2.45,2.45,2.46,8.69,114.76,2.2
16,603237,五芳斋,20.28,5.63,1.08,118382,238978752.0,10.47,21.12,19.11,19.26,19.2,9.71,14.33,2.24
17,000639,西王食品,4.38,5.54,0.23,1172215,500495054.12,7.23,4.4,4.1,4.14,4.15,10.86,56.65,1.4
18,002582,好想你,8.82,5.13,0.43,1062340,905530364.15,16.92,9.23,7.81,7.91,8.39,30.87,-49.28,1.11
19,300094,国联水产,4.9,4.93,0.23,1693473,823862446.96,9.21,5.08,4.65,4.7,4.67,15.33,-52.11,2.21
20,603517,绝味食品,20.9,4.92,0.98,318222,659360487.0,8.28,21.33,19.68,19.92,19.92,5.13,22.16,1.94
21,002650,ST加加,4.87,4.73,0.22,344425,161686265.45,9.89,4.88,4.42,4.88,4.65,2.99,-62.2,2.78
22,836826,盖世食品,15.51,4.66,0.69,241176,360058008.67,16.73,16.5,14.02,14.27,14.82,38.67,52.35,6.53
23,605300,佳禾食品,16.75,4.62,0.74,248774,429951260.0,7.12,17.61,16.47,17.58,16.01,6.22,60.8,3.11
24,605198,安德利,30.24,4.56,1.32,36398,108349584.0,5.95,30.38,28.66,29.0,28.92,1.35,40.01,4.04
25,002570,贝因美,5.5,4.36,0.23,2397615,1295842122.54,11.01,5.75,5.17,5.2,5.27,22.2,62.06,3.85
26,000972,中基健康,3.43,4.26,0.14,355122,119356249.98,6.38,3.47,3.26,3.29,3.29,4.6,-45.57,16.53
27,605337,李子园,11.53,4.25,0.47,174479,200381915.0,8.86,11.99,11.01,11.06,11.06,4.42,21.69,2.77
28,603288,海天味业,47.05,4.23,1.91,206166,962882701.0,4.05,47.2,45.37,46.04,45.14,0.37,40.75,8.91
29,002515,金字火腿,5.15,4.04,0.2,520839,268839857.9,6.67,5.28,4.95,4.95,4.95,4.61,156.66,2.4
30,600300,维维股份,3.23,3.86,0.12,828731,264464294.0,5.14,3.24,3.08,3.1,3.11,5.12,15.93,1.58
31,600419,天润乳业,10.24,3.85,0.38,128231,131736909.0,5.98,10.48,9.89,9.9,9.86,4.0,110.42,1.38
32,605338,巴比食品,17.87,3.53,0.61,46989,83134543.0,5.04,18.07,17.2,17.25,17.26,1.89,17.1,2.0
33,000911,广农糖业,8.87,3.38,0.29,464699,407046216.7,12.12,9.44,8.4,8.51,8.58,14.34,-97.51,50.93
34,603711,香飘飘,16.09,3.27,0.51,280230,453646065.0,6.93,16.8,15.72,15.81,15.58,6.82,279.52,2.04
35,002847,盐津铺子,53.49,3.24,1.68,26897,141681497.92,5.89,53.85,50.8,51.73,51.81,1.1,22.2,9.39
36,600530,交大昂立,3.61,3.14,0.11,108566,38895601.0,4.29,3.64,3.49,3.51,3.5,1.4,311.41,9.28
37,002910,庄园牧场,9.07,2.95,0.26,106264,95304238.0,4.65,9.12,8.71,8.86,8.81,6.21,-11.24,1.57
38,603057,紫燕食品,18.74,2.91,0.53,54971,102016770.0,4.89,18.97,18.08,18.23,18.21,8.08,16.68,3.88
39,002481,双塔食品,5.38,2.87,0.15,302159,161186512.4,3.44,5.39,5.21,5.21,5.23,2.7,79.09,2.53
40,603043,广州酒家,16.98,2.72,0.45,118548,200284662.0,2.9,17.06,16.58,16.65,16.53,2.08,16.17,2.52
41,603317,天味食品,14.17,2.53,0.35,83841,118452907.0,3.47,14.27,13.79,13.98,13.82,0.79,26.18,3.46
42,002330,得利斯,4.91,2.51,0.12,260605,126985890.4,4.18,4.95,4.75,4.77,4.79,4.1,352.9,1.32
43,301116,益客食品,14.03,2.48,0.34,251358,347832537.94,7.45,14.34,13.32,13.36,13.69,21.58,33.5,3.44
44,002852,道道全,9.28,2.43,0.22,264540,239839530.36,6.29,9.39,8.82,8.97,9.06,9.26,21.48,1.59
45,603755,日辰股份,29.23,2.38,0.68,73750,222656501.0,8.79,31.41,28.9,29.33,28.55,7.48,39.71,4.01
46,300999,金龙鱼,35.0,2.34,0.8,113284,393635123.03,3.83,35.3,33.99,34.1,34.2,2.09,99.44,2.05
47,300146,汤臣倍健,12.81,2.32,0.29,220649,279711064.15,2.56,12.82,12.5,12.5,12.52,1.95,18.81,1.92
48,300106,西部牧业,10.65,2.31,0.24,272506,289159953.5,4.51,10.85,10.38,10.39,10.41,12.89,-40.59,4.5
49,600381,ST春天,3.14,2.28,0.07,87129,27031608.0,3.58,3.15,3.04,3.06,3.07,1.48,-15.28,1.62
50,002719,麦趣尔,9.6,2.24,0.21,538131,523255111.27,10.97,10.33,9.3,9.8,9.39,33.24,-14.42,4.53
51,001215,千味央厨,36.99,2.18,0.79,52200,193864114.97,5.33,37.93,36.0,36.0,36.2,5.31,33.77,2.05
52,300741,华宝股份,18.58,2.14,0.39,30194,55718600.0,3.08,18.71,18.15,18.19,18.19,0.49,47.91,1.6
53,605499,东鹏饮料,218.4,2.14,4.57,27652,600433578.0,3.13,219.5,212.8,215.03,213.83,0.53,31.46,16.17
54,000523,红棉股份,3.37,2.12,0.07,335677,112183722.6,3.33,3.38,3.27,3.3,3.3,1.87,75.32,4.21
55,600962,国投中鲁,15.95,2.11,0.33,43882,69684315.0,4.48,16.22,15.52,15.52,15.62,1.67,3603.15,4.78
56,300898,熊猫乳品,24.03,2.08,0.49,90313,216390334.46,4.59,24.48,23.4,23.4,23.54,7.87,28.62,3.1
57,003030,祖名股份,16.68,2.08,0.34,54079,90132892.0,3.3,16.91,16.37,16.48,16.34,6.68,-129.47,2.06
58,603719,良品铺子,13.26,2.08,0.27,211239,279301553.0,4.85,13.48,12.85,12.92,12.99,5.27,205.67,2.3
59,002286,保龄宝,7.94,2.06,0.16,348462,272913439.5,5.14,8.08,7.68,7.69,7.78,9.43,21.79,1.44
60,000895,双汇发展,24.96,1.84,0.45,166933,414783575.6,2.12,25.03,24.51,24.51,24.51,0.48,17.05,4.34
61,600737,中粮糖业,10.02,1.83,0.18,385611,383797581.0,2.13,10.05,9.84,9.86,9.84,1.8,13.83,1.95
62,002216,三全食品,12.27,1.74,0.21,132081,161700950.1,3.23,12.38,11.99,12.13,12.06,2.1,20.52,2.52
63,002702,海欣食品,4.69,1.74,0.08,576504,269813435.08,4.99,4.83,4.6,4.75,4.61,12.48,-81.8,2.4
64,688089,嘉必优,22.5,1.72,0.38,42537,95573893.0,3.35,22.78,22.04,22.23,22.12,2.53,33.86,2.48
65,300908,仲景食品,34.26,1.66,0.56,37879,130351795.38,4.66,34.99,33.42,33.42,33.7,3.07,25.16,2.9
66,600298,安琪酵母,35.05,1.62,0.56,101637,354254677.0,2.35,35.2,34.39,34.7,34.49,1.19,23.96,2.92
67,600305,恒顺醋业,8.37,1.58,0.13,146535,122263774.0,2.43,8.42,8.22,8.24,8.24,1.33,57.94,2.79
68,603027,千禾味业,12.93,1.57,0.2,164199,211845742.0,2.51,13.02,12.7,12.74,12.73,1.71,28.35,3.79
69,300915,海融科技,35.5,1.43,0.5,29811,106070406.09,4.54,36.2,34.61,35.01,35.0,7.27,27.39,2.09
70,603866,桃李面包,6.52,1.4,0.09,293011,191595008.0,4.35,6.65,6.37,6.46,6.43,1.83,17.98,2.07
71,605016,百龙创园,16.76,1.39,0.23,29506,49147346.0,3.93,17.05,16.4,16.54,16.53,0.91,22.24,3.34
72,600073,光明肉业,7.31,1.39,0.1,188268,137433780.0,2.36,7.37,7.2,7.21,7.21,2.01,13.48,1.33
73,002626,金达威,16.55,1.29,0.21,61444,101470148.0,2.02,16.63,16.3,16.33,16.34,1.01,34.3,2.51
74,300973,立高食品,39.72,1.22,0.48,60705,241896346.8,4.43,40.74,39.0,39.28,39.24,5.21,24.84,2.97
75,002661,克明食品,9.98,1.22,0.12,89121,88724784.25,3.45,10.07,9.73,9.8,9.86,2.76,16.61,1.37
76,002946,新乳业,13.16,1.15,0.15,58349,77013026.08,3.07,13.35,12.95,13.01,13.01,0.69,17.93,3.86
77,600429,三元股份,4.56,1.11,0.05,138320,63038181.0,2.0,4.6,4.51,4.52,4.51,0.92,49.88,1.34
78,002597,金禾实业,24.92,1.05,0.26,61142,150487739.86,3.2,25.0,24.21,24.63,24.66,1.08,26.04,1.9
79,603696,安记食品,8.77,1.04,0.09,101440,88793486.0,3.46,8.9,8.6,8.75,8.68,4.31,72.6,3.68
80,002956,西麦食品,14.71,1.03,0.15,94672,139237206.92,3.91,14.97,14.4,14.68,14.56,4.24,22.73,2.2
81,603235,天新药业,26.91,1.01,0.27,17095,45844116.0,1.84,27.08,26.59,26.79,26.64,1.16,17.87,2.64
82,603020,爱普股份,8.14,0.99,0.08,63799,51955791.0,1.61,8.19,8.06,8.06,8.06,1.66,26.3,0.98
83,300791,仙乐健康,28.02,0.97,0.27,31855,89058588.47,2.31,28.27,27.63,27.88,27.75,1.64,20.67,2.97
84,603345,安井食品,88.55,0.88,0.77,42438,374237159.0,3.38,89.47,86.5,87.38,87.78,1.45,18.6,2.03
85,603536,惠发食品,11.71,0.86,0.1,453058,531246141.0,11.11,12.5,11.21,11.58,11.61,18.84,-76.07,6.54
86,605567,春雪食品,9.39,0.86,0.08,80358,75602946.0,2.69,9.54,9.29,9.37,9.31,4.02,590.69,1.75
87,600887,伊利股份,28.82,0.84,0.24,439897,1271036463.0,2.45,29.18,28.48,28.52,28.58,0.69,12.66,3.26
88,600597,光明乳业,8.94,0.79,0.07,174580,155918482.0,1.8,8.99,8.83,8.83,8.87,1.27,79.43,1.41
89,605077,华康股份,15.47,0.78,0.12,37223,57492606.0,2.74,15.65,15.23,15.35,15.35,1.25,18.99,1.61
90,301206,三元生物,28.21,0.75,0.21,15893,44625984.88,1.75,28.29,27.8,27.94,28.0,1.53,52.84,1.26
91,600882,妙可蓝多,18.81,0.7,0.13,74966,141792000.0,2.52,19.15,18.68,18.75,18.68,1.46,84.94,2.2
92,839273,一致魔芋,27.48,0.66,0.18,36598,98525085.16,10.07,28.57,25.82,26.44,27.3,7.55,24.49,3.42
93,002507,涪陵榨菜,14.76,0.54,0.08,123790,182505342.1,1.7,14.83,14.58,14.69,14.68,1.08,19.04,1.99
94,002732,燕塘乳业,17.16,0.53,0.09,49371,84643391.99,2.81,17.36,16.88,17.09,17.07,3.15,24.95,1.86
95,002991,甘源食品,78.93,0.45,0.35,6342,49913450.88,2.37,79.37,77.51,79.1,78.58,1.28,19.9,4.55
96,600872,中炬高新,23.63,0.42,0.1,147007,347183946.0,3.14,23.89,23.15,23.48,23.53,1.91,24.09,3.78
97,300765,新诺威,28.61,0.35,0.1,83771,238945369.88,2.91,28.88,28.05,28.08,28.51,0.67,216.32,10.54
98,002557,洽洽食品,30.72,0.29,0.09,71924,221495647.78,2.38,31.08,30.35,30.7,30.63,1.42,18.65,2.86
99,603156,养元饮品,21.49,0.23,0.05,45121,97189646.0,1.96,21.73,21.31,21.44,21.44,0.36,16.6,2.75
100,003000,劲仔食品,13.18,0.23,0.03,150163,199727279.51,2.74,13.49,13.13,13.3,13.15,4.94,20.76,4.43
101,001219,青岛食品,14.81,0.2,0.03,92271,135957116.59,2.64,14.92,14.53,14.75,14.78,4.86,25.01,2.84
102,001318,阳光乳业,12.21,0.16,0.02,54335,66436969.0,2.21,12.38,12.11,12.11,12.19,7.05,30.28,2.51
103,300829,金丹科技,17.25,0.12,0.02,40505,69246004.85,2.73,17.36,16.89,17.14,17.23,3.22,23.72,1.86
104,603886,元祖股份,14.76,0.07,0.01,48639,72113689.0,2.51,15.02,14.65,14.8,14.75,2.03,10.48,2.12
105,300892,品渥食品,44.8,0.04,0.02,121293,546900997.01,10.03,47.5,43.01,43.01,44.78,18.79,-586.62,4.31
106,832786,骑士乳业,10.75,0.0,0.0,310059,332111390.45,11.16,11.38,10.18,10.7,10.75,28.31,164.38,2.88
107,000529,广弘控股,6.41,0.0,0.0,252647,162011310.97,2.03,6.48,6.35,6.41,6.41,4.43,32.98,1.19
108,300858,科拓生物,16.46,-0.06,-0.01,49236,80823086.5,2.55,16.62,16.2,16.49,16.47,2.54,45.69,2.46
109,605339,南侨食品,17.51,-0.17,-0.03,11969,21087529.0,1.77,17.75,17.44,17.55,17.54,0.28,37.08,2.18
110,000848,承德露露,9.19,-0.22,-0.02,134712,123711137.14,1.85,9.25,9.08,9.2,9.21,1.3,17.31,3.04
111,603102,百合股份,37.64,-0.5,-0.19,21362,81267230.0,4.18,38.73,37.15,38.0,37.83,5.97,15.49,1.52
112,200019,深粮B,3.49,-0.57,-0.02,1175,412544.0,0.85,3.52,3.49,3.51,3.51,0.23,11.12,0.75
113,002329,皇氏集团,4.28,-0.93,-0.04,1510763,637912537.74,6.71,4.37,4.08,4.18,4.32,22.92,-190.35,2.15
114,600186,莲花控股,5.2,-1.89,-0.1,1169114,609021653.0,2.64,5.29,5.15,5.28,5.3,6.55,42.38,5.44
115,603170,宝立食品,16.0,-2.14,-0.35,83453,137153860.0,5.69,16.86,15.93,16.35,16.35,5.25,27.67,4.86
116,831726,XD朱老六,27.04,-5.36,-1.53,119573,325977599.31,12.99,29.77,26.06,27.11,28.57,21.38,115.04,6.29
117,603697,有友食品,10.8,-5.43,-0.62,195467,215710160.0,7.71,11.58,10.7,11.35,11.42,4.57,28.57,2.59
118,833429,康比特,21.89,-6.89,-1.62,170402,385342940.0,12.42,24.36,21.44,22.0,23.51,15.31,31.18,3.27
