序号,代码,名称,最新价,涨跌幅,涨跌额,成交量,成交额,振幅,最高,最低,今开,昨收,换手率,市盈率-动态,市净率
1,301428,世纪恒通,39.92,19.99,6.65,190316,700933903.26,19.9,39.92,33.3,33.36,33.27,31.1,45.0,3.17
2,300464,星徽股份,7.52,14.11,0.93,1377871,1023827718.55,14.11,7.91,6.98,7.2,6.59,42.73,-61.2,6.4
3,301171,易点天下,36.03,12.63,4.04,1052643,3565909638.16,20.35,37.95,31.44,32.04,31.99,34.09,65.4,4.84
4,300231,银信科技,15.28,11.53,1.58,1437499,2187949447.68,21.09,16.44,13.55,13.78,13.7,41.35,98.93,3.88
5,002131,利欧股份,4.04,10.08,0.37,295007,119182965.36,0.0,4.04,4.04,4.04,3.67,0.5,-128.6,2.12
6,600589,广东榕泰,6.02,10.05,0.55,713433,424748838.0,6.76,6.02,5.65,5.65,5.47,4.83,-240.06,14.69
7,002195,岩山科技,4.05,10.05,0.37,6014066,2416169401.75,9.24,4.05,3.71,3.75,3.68,10.71,407.52,2.35
8,002354,天娱数科,5.39,10.0,0.49,3904189,2072644822.97,10.0,5.39,4.9,4.9,4.9,24.12,-779.41,6.39
9,002115,三维通信,7.04,10.0,0.64,1055523,719053982.28,11.09,7.04,6.33,6.35,6.4,14.03,-173.89,2.45
10,600410,华胜天成,12.25,9.96,1.11,1609280,1953562763.0,5.39,12.25,11.65,11.82,11.14,14.68,-47.07,3.29
11,002264,新 华 都,7.68,9.4,0.66,1055836,782518293.29,10.83,7.72,6.96,6.96,7.02,16.13,21.78,3.1
12,300150,世纪瑞尔,5.15,7.29,0.35,341591,171695969.22,9.58,5.24,4.78,4.8,4.8,6.64,69.05,1.97
13,002373,千方科技,10.76,6.64,0.67,643013,694522729.96,9.32,11.1,10.16,10.22,10.09,4.67,809.22,1.36
14,300044,赛为智能,7.87,6.35,0.47,1381561,1078844322.62,9.59,8.19,7.48,7.5,7.4,18.09,-256.69,9.74
15,833030,立方控股,24.24,6.13,1.4,45825,108934585.99,7.88,24.49,22.69,23.08,22.84,8.19,-34.37,3.91
16,688316,青云科技-U,40.71,6.07,2.33,30507,123466254.0,11.13,42.37,38.1,38.5,38.38,8.49,-23.25,16.28
17,002657,中科金财,22.03,5.71,1.19,764069,1664501744.03,8.93,22.44,20.58,20.8,20.84,22.72,-71.72,4.14
18,301299,卓创资讯,61.76,5.3,3.11,59352,353798905.99,8.44,61.76,56.81,57.23,58.65,16.85,52.8,6.08
19,300287,飞利信,5.19,5.27,0.26,1352745,688503938.45,6.9,5.2,4.86,4.89,4.93,10.32,-45.04,5.92
20,002766,索菱股份,6.06,5.21,0.3,624072,379943126.92,9.72,6.34,5.78,5.78,5.76,7.35,88.78,6.83
21,300245,天玑科技,13.45,5.08,0.65,579141,765111223.25,12.42,14.05,12.46,12.52,12.8,18.61,-219.46,3.15
22,688568,中科星图,62.6,5.07,3.02,172941,1079649327.0,9.28,64.38,58.85,59.07,59.58,3.18,175.1,9.44
23,300166,东方国信,11.24,5.05,0.54,1434191,1596035468.96,8.97,11.5,10.54,10.75,10.7,15.84,456.61,2.12
24,300324,旋极信息,4.1,4.59,0.18,1136502,460549923.81,5.87,4.15,3.92,3.93,3.92,6.65,-36.91,2.36
25,600446,金证股份,18.28,4.52,0.79,593692,1087811163.0,11.84,19.2,17.13,17.2,17.49,6.27,-112.38,4.64
26,600228,返利科技,7.42,4.51,0.32,590740,433734326.0,7.89,7.58,7.02,7.14,7.1,14.18,-710.59,6.09
27,300020,*ST银江,3.05,4.45,0.13,644837,196862837.35,4.79,3.13,2.99,3.03,2.92,8.41,-10.87,0.6
28,000676,智度股份,10.14,4.43,0.43,870221,881333592.3,8.75,10.48,9.63,9.7,9.71,6.89,61.98,3.25
29,688258,卓易信息,36.41,4.36,1.52,43053,155205128.0,4.93,36.65,34.93,35.1,34.89,3.55,164.68,4.35
30,002331,皖通科技,8.67,4.33,0.36,285553,245893664.95,7.22,8.89,8.29,8.29,8.31,7.21,-138.1,2.14
31,300442,润泽科技,34.6,4.28,1.42,309466,1073538825.54,7.29,35.68,33.26,33.45,33.18,5.58,29.51,6.33
32,300399,天利科技,22.37,4.24,0.91,204962,447462779.0,8.85,22.65,20.75,21.31,21.46,10.37,-422.96,8.71
33,002474,榕基软件,6.94,3.89,0.26,484714,335422963.88,8.23,7.18,6.63,6.69,6.68,9.13,-163.94,2.94
34,300785,值得买,32.08,3.55,1.1,243230,773367688.09,4.71,32.48,31.02,31.44,30.98,19.89,1257.56,3.48
35,300300,ST峡创,3.26,3.49,0.11,309788,98780397.2,6.03,3.29,3.1,3.15,3.15,4.65,-31.33,15.89
36,200045,深纺织Ｂ,4.61,3.36,0.15,4329,1983661.62,7.62,4.73,4.39,4.46,4.46,0.88,20.02,0.72
37,600797,浙大网新,7.25,3.28,0.23,513348,369287753.0,5.27,7.36,6.99,7.04,7.02,5.0,-112.67,2.27
38,300078,思创医惠,3.87,3.2,0.12,720241,277038841.37,4.27,3.9,3.74,3.76,3.75,6.51,-11.51,5.45
39,300634,彩讯股份,24.97,3.14,0.76,474663,1187841804.65,7.56,25.99,24.16,24.16,24.21,10.92,43.29,4.16
40,603918,金桥信息,14.41,3.08,0.43,379844,544500242.0,3.72,14.53,14.01,14.2,13.98,10.37,-54.89,5.11
41,301382,蜂助手,30.58,2.93,0.87,183826,552471702.75,7.98,30.97,28.6,29.21,29.71,13.45,55.14,3.93
42,600571,信雅达,14.0,2.71,0.37,390081,542227448.0,6.6,14.25,13.35,13.35,13.63,8.52,-854.94,5.83
43,002095,生 意 宝,30.02,2.7,0.79,836020,2575954599.58,14.64,32.15,27.87,27.87,29.23,33.21,-382.81,8.35
44,688509,正元地信,4.6,2.68,0.12,120348,55011932.0,2.9,4.62,4.49,4.5,4.48,3.13,-33.83,2.53
45,300687,赛意信息,19.25,2.67,0.5,123098,235705403.0,4.59,19.48,18.62,18.85,18.75,3.78,62.55,2.93
46,300418,昆仑万维,47.29,2.56,1.18,970216,4577052639.65,6.61,48.65,45.6,45.63,46.11,7.88,-69.71,3.92
47,002609,捷顺科技,8.44,2.55,0.21,129220,108470709.52,2.79,8.48,8.25,8.28,8.23,2.81,95.25,2.29
48,002591,恒大高新,5.93,2.42,0.14,174989,103738910.0,3.28,6.04,5.85,5.85,5.79,7.83,93.93,2.6
49,300508,维宏股份,29.37,2.41,0.69,24004,69903029.18,2.51,29.37,28.65,28.65,28.68,4.19,29.12,4.26
50,300766,每日互动,15.86,2.39,0.37,294603,463707647.52,4.97,16.15,15.38,15.54,15.49,8.28,735.1,3.85
51,300448,浩云科技,7.8,2.36,0.18,920147,707669454.99,6.69,7.95,7.44,7.59,7.62,18.71,466.27,4.01
52,688004,博汇科技,18.64,2.31,0.42,17893,33000427.0,5.38,18.98,18.0,18.2,18.22,2.23,-32.13,2.34
53,002401,中远海科,17.24,2.25,0.38,128681,219934472.31,3.86,17.35,16.7,16.89,16.86,3.48,33.85,3.81
54,688292,浩瀚深度,22.42,2.19,0.48,31136,69327193.0,3.74,22.56,21.74,21.96,21.94,3.46,72.15,3.4
55,300226,上海钢联,25.8,2.18,0.55,189804,484448748.43,5.07,26.01,24.73,24.93,25.25,6.19,48.51,4.21
56,002380,科远智慧,19.78,2.17,0.42,51627,101406402.25,2.74,19.83,19.3,19.45,19.36,3.63,22.45,2.22
57,300295,三六五网,21.25,2.16,0.45,275617,577111445.93,8.22,21.74,20.03,20.03,20.8,16.45,-357.48,3.33
58,300277,海联讯,13.08,2.11,0.27,239304,310020569.16,4.37,13.22,12.66,12.81,12.81,7.15,727.22,9.0
59,300250,初灵信息,16.25,2.07,0.33,113028,182179977.0,3.39,16.34,15.8,16.0,15.92,7.17,-86.35,6.21
60,002912,中新赛克,30.19,2.03,0.6,111215,331589386.51,7.4,30.96,28.77,29.06,29.59,6.86,-82.33,3.27
61,300017,网宿科技,9.74,1.99,0.19,1399808,1361769703.31,5.03,9.99,9.51,9.59,9.55,6.13,41.56,2.48
62,300170,汉得信息,9.88,1.96,0.19,570478,562329398.99,4.44,10.03,9.6,9.67,9.69,6.02,53.74,1.95
63,300096,ST易联众,3.68,1.94,0.07,117657,42978205.48,3.32,3.69,3.57,3.61,3.61,2.74,-17.45,5.53
64,688088,虹软科技,36.52,1.84,0.66,75840,276235810.0,4.46,37.05,35.45,35.8,35.86,1.89,124.45,5.63
65,688636,智明达,30.24,1.78,0.53,31263,93245308.0,4.88,30.5,29.05,29.42,29.71,2.78,-278.8,3.15
66,688365,光云科技,9.26,1.76,0.16,111454,102911051.0,4.18,9.35,8.97,9.06,9.1,2.62,-53.06,4.05
67,300167,*ST迪威,2.33,1.75,0.04,216246,50457183.0,6.11,2.4,2.26,2.27,2.29,6.06,-21.81,-86.56
68,002232,启明信息,21.27,1.67,0.35,264433,563218215.54,4.25,21.64,20.75,20.8,20.92,6.47,-194.58,6.45
69,900901,云赛Ｂ股,0.675,1.66,0.011,18924,1267128.0,1.96,0.675,0.662,0.666,0.664,0.65,30.72,1.37
70,300271,华宇软件,8.2,1.61,0.13,304067,248992356.8,4.34,8.37,8.02,8.06,8.07,3.79,-19.06,1.65
71,603887,城地香江,14.12,1.58,0.22,512729,725513372.0,4.82,14.46,13.79,13.9,13.9,9.02,-47.25,2.44
72,603496,恒为科技,25.72,1.58,0.4,102352,262148189.0,2.13,25.79,25.25,25.32,25.32,3.2,78.91,5.84
73,838924,广脉科技,19.35,1.57,0.3,54832,105126076.84,5.04,19.56,18.6,19.06,19.05,8.67,67.74,6.98
74,300941,创识科技,22.66,1.57,0.35,93702,209171274.35,4.03,22.7,21.8,22.21,22.31,7.73,122.97,3.68
75,003010,若羽臣,23.32,1.52,0.35,260770,635798545.62,9.06,25.27,23.19,24.28,22.97,21.56,49.72,3.65
76,301396,宏景科技,28.33,1.5,0.42,46146,129745240.36,2.11,28.38,27.79,28.06,27.91,9.06,-75.61,2.51
77,600271,航天信息,10.12,1.5,0.15,208182,209689717.0,2.21,10.15,9.93,9.98,9.97,1.12,-746.15,1.34
78,002316,ST亚联,3.38,1.5,0.05,119682,40195250.9,2.1,3.38,3.31,3.31,3.33,3.8,92.18,18.64
79,300264,佳创视讯,6.82,1.49,0.1,459649,311295798.32,3.27,6.89,6.67,6.71,6.72,12.41,-66.36,56.57
80,300738,奥飞数据,13.17,1.46,0.19,542395,714187378.12,3.08,13.33,12.93,13.07,12.98,5.62,89.95,4.04
81,688562,航天软件,17.56,1.44,0.25,29281,51339414.0,2.2,17.69,17.31,17.48,17.31,1.73,-64.76,4.09
82,688158,优刻得-W,14.77,1.44,0.21,143707,211772878.0,3.09,14.93,14.48,14.8,14.56,3.57,-30.37,2.71
83,300079,数码视讯,6.42,1.42,0.09,951335,612133532.1,4.11,6.53,6.27,6.3,6.33,7.42,308.04,2.18
84,300383,光环新网,11.58,1.4,0.16,446060,515358889.69,2.45,11.65,11.37,11.45,11.42,2.49,43.23,1.64
85,300846,首都在线,13.78,1.4,0.19,252581,345254321.0,1.91,13.78,13.52,13.53,13.59,6.47,-35.32,6.42
86,300496,中科创达,55.81,1.38,0.76,128571,717375631.56,3.45,56.48,54.58,55.06,55.05,3.5,126.7,2.67
87,002642,荣联科技,8.22,1.36,0.11,342827,280004952.77,2.1,8.22,8.05,8.08,8.11,5.19,389.3,4.72
88,002771,真视通,19.64,1.34,0.26,78076,152675983.74,2.27,19.75,19.31,19.4,19.38,4.47,-133.98,6.38
89,300792,壹网壹创,23.85,1.27,0.3,207607,498692083.55,6.54,24.66,23.12,23.31,23.55,9.77,44.74,1.97
90,688619,罗普特,9.63,1.26,0.12,20234,19492297.0,2.52,9.73,9.49,9.5,9.51,1.09,-13.93,1.81
91,603171,税友股份,31.45,1.19,0.37,63130,196773978.0,3.99,31.7,30.46,30.95,31.08,1.56,82.76,5.13
92,600070,*ST富润,1.7,1.19,0.02,103587,17316785.0,7.14,1.72,1.6,1.65,1.68,2.04,-4.15,1.71
93,688787,海天瑞声,85.45,1.09,0.92,40176,342721432.0,5.77,87.49,82.61,84.01,84.53,6.66,1020.42,6.99
94,300288,朗玛信息,15.98,1.08,0.17,141142,225193431.0,2.02,16.13,15.81,15.99,15.81,5.5,98.84,3.31
95,603881,数据港,17.14,1.06,0.18,124926,214371498.0,1.95,17.3,16.97,16.99,16.96,2.09,73.23,3.21
96,002649,博彦科技,12.66,1.04,0.13,199989,252219128.14,2.47,12.72,12.41,12.53,12.53,3.65,31.15,1.77
97,600845,宝信软件,28.31,1.03,0.29,153602,432832854.0,2.03,28.38,27.81,28.16,28.02,0.72,31.73,7.32
98,301001,凯淳股份,29.38,1.03,0.3,95628,277420656.5,6.16,29.8,28.01,28.78,29.08,19.01,376.91,2.9
99,300523,辰安科技,23.98,0.97,0.23,33915,80620664.56,1.94,23.98,23.52,23.76,23.75,1.46,-27.97,4.08
100,300678,中科信息,39.44,0.95,0.37,149526,590073561.29,2.53,39.87,38.88,39.18,39.07,5.24,1416.62,13.66
101,000555,神州信息,12.25,0.82,0.1,311507,378518276.64,2.63,12.26,11.94,12.03,12.15,3.2,-76.01,1.98
102,301085,亚康股份,60.66,0.76,0.46,31577,189923347.0,3.36,61.37,59.35,59.73,60.2,5.36,69.13,4.75
103,300059,东方财富,27.46,0.73,0.2,8277176,22643098826.01,4.0,27.79,26.7,26.8,27.26,6.2,53.81,5.63
104,600358,国旅联合,4.2,0.72,0.03,169907,70877426.0,2.64,4.22,4.11,4.21,4.17,3.36,-57.64,17.42
105,300419,ST浩丰,5.67,0.71,0.04,185361,104610456.84,1.6,5.68,5.59,5.6,5.63,5.04,264.54,4.57
106,300541,先进数通,13.34,0.68,0.09,351891,465428320.45,4.91,13.55,12.9,13.13,13.25,9.64,131.41,3.51
107,300609,汇纳科技,27.66,0.66,0.18,40129,110646898.48,2.0,27.75,27.2,27.48,27.48,3.35,-64.26,3.18
108,688051,佳华科技,24.2,0.62,0.15,6215,15038655.0,2.29,24.47,23.92,24.31,24.05,0.8,-44.75,2.36
109,300248,新开普,12.0,0.59,0.07,464698,553495319.74,6.29,12.27,11.52,11.71,11.93,11.36,413.19,2.76
110,000409,云鼎科技,11.06,0.55,0.06,1415744,1638010007.86,10.0,12.1,11.0,11.27,11.0,33.44,69.65,5.0
111,688039,当虹科技,29.92,0.54,0.16,31646,94468036.0,3.8,30.34,29.21,30.0,29.76,2.83,-36.16,2.86
112,600850,电科数字,24.45,0.53,0.13,123438,301840963.0,2.84,24.69,24.0,24.3,24.32,2.02,41.41,3.66
113,600756,浪潮软件,15.57,0.52,0.08,106818,165887557.0,2.07,15.66,15.34,15.4,15.49,3.3,-39.95,2.27
114,300209,*ST有树,5.88,0.51,0.03,114363,67027219.0,3.76,5.99,5.77,5.87,5.85,2.86,-60.9,-5.81
115,000938,紫光股份,25.48,0.51,0.13,574670,1464388433.44,1.81,25.69,25.23,25.35,25.35,2.01,34.56,5.39
116,300440,运达科技,8.45,0.48,0.04,612486,530190473.24,9.51,9.1,8.3,8.4,8.41,13.85,71.16,2.35
117,002530,金财互联,9.15,0.33,0.03,880246,799479714.52,2.96,9.2,8.93,9.0,9.12,12.66,1671.27,5.53
118,300674,宇信科技,21.68,0.32,0.07,301701,652749538.88,3.01,21.86,21.21,21.48,21.61,4.29,43.67,3.71
119,300212,易华录,27.04,0.3,0.08,220100,594775308.49,1.52,27.24,26.83,26.94,26.96,3.15,-23.82,6.53
120,300872,天阳科技,16.28,0.25,0.04,184950,299319765.54,3.39,16.43,15.88,16.06,16.24,4.67,66.16,2.38
121,300532,今天国际,12.66,0.24,0.03,259533,327374662.2,3.72,12.82,12.35,12.56,12.63,6.06,15.75,3.41
122,300269,联建光电,5.0,0.2,0.01,515052,258755942.11,3.01,5.1,4.95,4.95,4.99,9.8,-298.86,35.06
123,600718,东软集团,10.62,0.19,0.02,174412,185562757.0,2.45,10.77,10.51,10.59,10.6,1.45,62.93,1.33
124,300645,正元智慧,17.03,0.18,0.03,88894,150922040.4,2.06,17.18,16.83,17.1,17.0,6.26,180.79,2.36
125,301380,挖金客,46.4,0.11,0.05,73986,336027825.78,6.41,46.97,44.0,45.41,46.35,24.53,69.79,4.67
126,688228,开普云,47.09,0.06,0.03,34695,163368026.0,2.83,47.85,46.52,47.39,47.06,5.14,-148.27,2.55
127,603869,ST智知,6.38,0.0,0.0,29695,19016708.0,2.35,6.48,6.33,6.4,6.38,0.59,122.46,0.86
128,000997,新 大 陆,21.37,0.0,0.0,377240,802590264.83,5.52,21.76,20.58,21.1,21.37,3.68,20.2,3.15
129,300895,铜牛信息,35.17,-0.03,-0.01,48593,170439799.29,1.59,35.36,34.8,34.98,35.18,3.52,-57.88,5.48
130,002777,久远银海,21.13,-0.09,-0.02,141202,298134797.41,1.94,21.31,20.9,21.26,21.15,3.49,343.86,5.26
131,002368,太极股份,26.87,-0.26,-0.07,168238,452219506.69,1.71,27.11,26.65,26.94,26.94,2.71,-444.16,3.34
132,600131,国网信通,22.15,-0.32,-0.07,136979,303028087.0,2.34,22.36,21.84,22.03,22.22,1.15,67.01,4.17
133,688500,慧辰股份,38.95,-0.38,-0.15,20518,79612444.0,3.55,39.69,38.3,39.69,39.1,2.76,-35.45,3.94
134,605398,新炬网络,20.5,-0.44,-0.09,113701,230653489.0,6.12,21.08,19.82,19.82,20.59,6.99,100.65,3.21
135,301270,汉仪股份,39.8,-0.5,-0.2,77876,302418931.34,5.3,40.02,37.9,39.6,40.0,10.52,589.16,3.97
136,838227,美登科技,54.5,-0.73,-0.4,21410,115741077.27,6.68,55.67,52.0,53.86,54.9,12.15,50.98,5.3
137,003005,竞业达,30.81,-0.74,-0.23,84050,257480042.66,3.29,31.02,30.0,31.02,31.04,11.39,156.91,2.73
138,603613,国联股份,26.27,-0.76,-0.2,172754,454179771.0,3.4,26.75,25.85,26.29,26.47,2.4,12.67,2.53
139,688229,博睿数据,44.85,-0.84,-0.38,11710,52639452.0,3.27,45.92,44.44,45.8,45.23,2.64,-23.64,4.15
140,301110,青木科技,50.77,-0.94,-0.48,66022,338912195.71,8.47,53.63,49.29,49.93,51.25,13.6,48.78,3.37
141,300592,华凯易佰,16.4,-1.15,-0.19,421271,684086321.36,6.51,16.98,15.9,16.64,16.59,11.5,26.31,2.99
142,002291,遥望科技,7.14,-1.52,-0.11,1015806,727111410.0,2.76,7.28,7.08,7.08,7.25,11.57,-12.21,1.63
143,300168,万达信息,9.43,-1.57,-0.15,942081,898150200.84,5.11,9.84,9.35,9.52,9.58,6.55,-18.24,7.68
144,603636,南威软件,11.98,-1.88,-0.23,287915,343030443.0,1.97,12.05,11.81,11.96,12.21,4.96,-32.27,2.77
145,002315,焦点科技,39.92,-2.44,-1.0,202421,815661868.53,6.35,41.88,39.28,40.61,40.92,10.02,26.55,5.27
146,301381,赛维时代,28.28,-2.52,-0.73,113233,322022448.74,4.69,29.14,27.78,28.0,29.01,5.89,43.43,4.68
147,300518,新迅达,13.72,-2.83,-0.4,136950,188096925.46,5.03,14.23,13.52,14.16,14.12,6.87,-24.45,2.7
148,300290,荣科科技,24.07,-2.98,-0.74,479191,1150761982.86,4.19,24.7,23.66,24.7,24.81,7.5,-1744.96,18.8
